5.37095
7.51722
6.43747
9.63695
5.43041
0.477876
2.46538
9.83701
9.10168
4.81993
3.97855
1.90936
6.05439
0.186867
1.16233
3.9502
5.39595
0.270958
0.852344
2.4069
1.13681
0.821259
5.48094
8.08374
2.37917
0.0669091
7.86285
9.268
1.51022
3.28194
1.22241
6.88117
0.799159
7.65988
6.51813
6.22957
8.13776
8.98351
6.06657
7.23944
3.80343
0.045128
9.1488
9.85783
0.231995
0.311132
3.80802
5.62795
0.58209
4.66037
8.03485
1.7189
5.48162
3.51578
9.80264
7.86079
3.58269
7.66549
7.12879
5.09291
0.947435
8.3512
1.97409
1.74659
6.01108
8.49221
7.97616
4.14884
7.47572
4.04274
1.38828
1.27915
4.08786
0.537074
1.13698
4.31986
0.848206
4.945
9.9478
1.4303
9.60536
7.98265
3.14919
5.08699
1.49843
2.95183
2.94778
5.08113
0.617328
0.0765697
0.174041
1.56476
8.42777
2.14813
3.31136
4.43886
0.640342
1.28752
8.5877
8.11606
5.33025
9.97597
9.39521
9.41812
0.513049
0.532187
3.73797
1.36125
5.47718
3.68578
2.79155
5.08255
1.66843
5.94074
0.169533
3.16686
8.89258
3.11731
8.24799
9.5099
3.19388
8.42203
1.07467
1.62165
0.570162
4.38602
6.06051
1.2105
5.67354
4.64821
9.32656
1.0038
4.62419
8.72177
0.421912
5.13723
9.25396
4.15989
6.49849
4.73115
7.84567
9.29004
9.81369
9.51409
5.23078
9.98323
2.68096
4.12336
3.10054
0.92895
3.63327
6.29442
9.35098
4.70793
7.91607
9.92114
9.09396
3.97658
1.13165
4.7675
8.62479
0.458212
5.7713
3.24898
9.17999
6.19321
8.38622
8.43395
0.353095
4.88471
3.16509
8.19876
4.17475
2.97879
7.71286
9.40553
2.96201
0.393814
3.52889
6.06255
1.32276
7.16216
2.35696
0.673747
1.87009
0.273035
0.594891
0.96405
4.24962
1.72654
5.73155
2.87441
2.18475
1.50285
6.12339
1.36474
7.69605
4.50961
9.79869
8.04915
9.39431
2.96378
6.24791
3.56906
5.94257
3.96077
2.97459
8.90458
4.35458
6.50348
4.96713
5.67734
3.66564
7.32409
6.35109
5.53573
7.59713
6.94598
6.49978
1.84675
8.67252
2.23133
4.72116
0.857273
3.73418
0.844554
2.22201
1.43023
5.35416
2.0207
9.47938
4.74848
4.98448
5.72729
8.31754
0.92705
9.68806
1.29213
9.83163
4.04264
7.79561
4.79876
9.71998
1.46125
2.12285
6.07107
6.99698
9.71998
3.01706
3.49676
1.56672
1.68958
5.7281
6.28788
2.54685
9.46227
7.13244
4.76886
0.892507
2.4866
6.78956
0.371889
7.23508
1.77404
6.09918
5.55261
2.70109
5.78724
6.84474
2.53272
9.82988
4.64035
7.33148
9.54986
6.1016
9.45433
5.62094
3.09858
9.17431
8.638
6.59534
0.741032
0.327574
2.32344
7.02891
2.87442
1.78571
4.16135
7.64329
2.67822
6.64795
4.43285
3.05011
3.88303
6.20689
9.14929
9.43564
8.90798
4.93653
6.28039
1.44071
4.76641
0.920736
8.77219
4.31627
7.02234
8.22652
9.93721
0.120917
7.40083
8.57521
6.71626
8.14186
8.90278
9.0397
5.17077
1.77721
0.825411
9.33213
9.42049
3.50363
5.98008
3.85334
6.55374
9.86311
0.0602337
5.70303
9.29875
8.96822
0.639557
5.57914
0.408926
5.40597
6.49987
9.18112
9.72224
3.52221
7.40764
9.65946
3.64312
4.80846
8.23467
0.359384
2.95032
7.13745
9.39908
8.1211
8.91466
0.224493
7.45323
8.33515
3.72812
3.4333
2.18849
0.28186
3.29641
2.24873
5.98489
2.59516
1.21694
6.62444
8.1743
1.62587
2.03041
4.67417
0.806987
1.75265
8.19638
8.21462
1.41211
1.8395
3.02309
9.64678
2.19888
5.97341
6.78422
1.59797
4.09451
5.69888
1.82246
1.54774
4.03403
5.55058
4.98104
6.22252
5.83244
8.27746
8.47125
1.81733
0.872617
9.68819
8.44177
9.04691
1.31407
0.472185
3.72108
2.12105
2.22484
1.91746
0.335677
3.63695
3.75696
3.35876
3.28372
5.95585
9.33218
0.0679474
7.55381
3.42669
5.76683
9.37627
4.97443
9.80086
4.92686
9.95547
6.02338
0.7593
8.23293
4.49463
2.57663
9.10554
4.18283
1.0184
8.15246
5.49689
1.49059
1.87354
7.61795
3.71543
3.791
7.95362
7.35238
7.54796
1.31239
0.636099
3.50381
0.644566
0.704046
1.05762
4.07126
6.47087
0.433893
9.04569
6.27173
5.36075
9.00116
2.29511
6.12005
7.23409
6.78975
8.69668
6.33963
0.972574
9.71508
4.49209
6.46947
1.20567
6.36563
4.08741
4.9211
0.156632
2.04104
2.27347
7.70459
3.35343
2.90957
1.2084
3.99799
3.61362
2.26602
8.06925
0.0844921
2.69992
7.11493
6.35622
8.06067
6.11609
8.65134
4.18071
3.35018
5.44109
2.87739
9.68981
6.41366
2.59248
4.1819
2.88313
3.79815
0.547527
6.97054
8.71924
0.704159
9.01158
0.992717
8.40875
2.365
3.90229
9.61715
6.363
7.51591
1.88318
4.43224
7.6004
4.58309
1.54718
3.95662
2.64376
7.66327
2.60796
6.82447
1.01345
8.04905
9.70186
0.703255
4.46271
2.29434
4.88515
7.34584
6.09249
5.43268
4.31638
4.81173
6.13684
3.32795
5.80445
4.54559
5.69296
9.70674
4.16274
2.05596
7.22264
6.04592
6.4882
4.82304
0.629011
8.03538
8.77967
3.27277
5.69865
1.38763
0.097239
6.7121
9.43668
9.7991
7.41535
3.89939
2.09344
2.3005
1.24522
8.18593
7.73318
5.5616
2.99766
3.87002
8.88955
8.80211
8.41561
4.58251
8.50885
2.57835
6.63847
5.73149
8.62427
3.12667
0.554532
9.25328
1.16205
9.3342
2.52605
6.86069
0.721827
2.62329
3.57279
0.158505
2.42239
0.988143
4.05789
4.51583
3.28865
5.30311
2.70177
1.02183
0.864713
5.69943
4.89184
9.75427
4.50154
3.30745
4.33678
3.01038
5.8858
0.975246
8.74187
4.51007
4.10191
9.29641
3.76335
5.26396
8.63061
6.2894
2.12465
9.35243
8.91268
5.69744
9.51094
1.33507
6.68559
3.56883
5.85091
9.97423
8.87194
8.55267
0.996062
9.73666
4.2521
5.88791
9.49092
8.75364
9.19536
3.8277
1.76402
5.08116
4.80295
0.505897
9.59123
8.90486
9.8023
3.35457
4.16882
8.43291
9.64397
6.29347
7.78534
8.55665
1.99091
7.29628
9.89172
8.6765
0.865109
5.74263
8.65074
9.73705
4.2953
9.6468
9.47371
8.54741
5.53471
8.96463
7.30104
4.73006
2.79233
9.06507
9.81122
7.59528
9.57096
9.40245
6.50014
9.37327
2.75702
0.668956
7.80618
2.40099
6.96243
5.59152
0.957643
8.95334
2.8878
0.849368
7.62984
3.75291
6.592
6.28058
3.48996
0.887304
5.92738
2.96367
9.43471
1.46209
1.9283
6.73575
6.19215
4.72063
5.80082
6.00337
2.31591
5.37178
5.40581
8.81605
4.74505
8.16283
9.48501
2.55123
0.563824
6.44743
8.14275
1.52147
5.40078
1.03054
2.37083
3.03062
4.78345
8.96283
9.3112
8.27341
9.85014
5.23858
1.23708
9.28485
6.70067
3.16538
6.0206
2.89282
7.88601
1.82142
8.89619
0.201929
7.1932
4.302
9.01798
1.93825
2.46483
8.50299
4.48948
3.02866
4.95042
2.63223
4.55012
0.351198
3.66277
6.92096
3.38182
8.44622
5.88379
2.69302
6.71963
5.73393
7.9316
7.95671
5.01878
4.63227
1.12209
1.03938
7.52509
9.00811
2.8608
6.42127
9.21003
0.0539978
0.723269
8.22801
1.99225
3.1881
6.731
6.48173
6.21676
1.68143
9.11395
0.766885
2.03262
2.77672
7.68784
5.41444
1.22294
3.57164
8.10746
7.94257
9.30557
6.03906
5.89928
4.32435
0.671329
7.02137
5.36372
8.19641
6.02948
8.22452
4.61768
5.23951
8.27852
5.34095
3.46753
0.270768
8.52906
0.198528
6.7525
4.74582
1.87995
5.86645
5.5127
3.91258
8.64318
3.20055
9.32702
9.86612
6.77218
7.43448
7.80869
6.07775
3.47354
3.70797
0.402098
4.14487
0.729344
5.76582
2.34128
6.75882
3.99034
6.95896
1.99833
2.26886
2.29992
5.46586
2.53963
0.828973
5.66439
9.29212
5.57479
7.54434
5.15858
1.08749
1.45692
3.80175
4.28804
0.783932
3.66787
1.06022
8.21841
1.47656
7.13797
1.69195
5.18453
7.54007
5.83681
5.91387
3.30589
8.17809
2.6727
7.29623
5.13706
4.67103
9.56509
7.43697
0.136887
2.10472
8.26595
5.80127
1.39684
3.84074
3.34561
6.55542
4.92823
4.80253
0.357167
9.21627
5.58646
4.02503
0.276486
3.80487
5.50159
7.41446
5.49682
0.686123
4.95453
1.33363
6.6
8.26042
9.51172
9.27269
5.55665
4.64878
3.94372
5.12175
2.08575
4.08061
7.22646
0.351701
9.88188
8.62331
4.19244
3.22749
5.17872
9.12067
8.03002
5.53589
8.33693
3.61648
9.56092
8.61342
7.42135
5.06252
6.02788
2.91816
5.74864
0.982408
4.25179
2.34864
9.24283
3.76351
1.62133
4.79948
8.41229
5.56506
9.92123
0.498043
9.64566
7.14769
0.849745
9.52755
5.771
5.04218
2.75504
0.949719
4.16285
0.785058
6.48561
2.49979
4.40153
6.04653
1.11321
1.82288
1.10905
7.14108
4.74104
6.85769
8.12349
8.99283
9.20633
7.36632
2.75634
0.827661
2.1658
1.16863
6.39272
2.08703
1.66667
6.03838
9.23472
2.51642
5.56593
5.00572
7.5586
8.32097
5.95544
1.72145
9.10602
2.44104
4.22124
3.50756
8.48758
5.33444
5.33044
9.59663
2.47553
0.0714791
6.45432
0.599022
9.06431
5.66065
7.96534
1.82065
6.48831
0.131145
2.98928
2.88102
2.21818
4.65595
8.91941
1.4529
7.17237
4.48533
6.45861
4.73097
2.8063
2.41405
6.45242
1.91233
4.85509
0.673659
5.41989
3.34267
6.0081
0.750325
2.9393
8.48363
0.821804
9.39361
9.08265
9.88611
5.05426
7.048
1.70676
1.54256
7.17914
4.69604
4.42359
9.39732
9.35198
3.34299
0.850214
6.52435
7.82833
7.30883
1.25532
0.634627
9.72288
7.70774
2.54695
4.57797
8.3814
7.96684
7.92064
4.3895
8.71716
0.859938
2.87314
9.53897
0.253551
1.95579
9.42508
5.30781
9.00379
1.13184
6.85037
6.18293
