5.82787
1.27396
5.58025
5.17986
4.61695
6.43046
1.70421
2.44528
3.73929
2.95953
3.07991
3.46217
0.66727
5.62686
8.04014
9.04867
3.5937
5.96078
3.43817
2.31086
6.82072
6.31131
1.84983
7.07427
8.2671
1.27491
2.38208
7.27089
2.40675
9.23245
3.45382
8.23462
0.506411
9.03407
3.41448
5.12336
5.46453
5.11869
7.56864
9.20382
8.07822
0.648548
2.66599
8.74549
6.27541
0.70613
7.79416
9.86911
6.66691
1.23233
2.17997
3.48763
7.54364
4.0298
0.561903
5.81074
5.30471
2.94398
3.08163
7.71146
2.17643
6.53545
5.94608
2.68285
5.56952
9.36056
7.80621
1.03405
4.47925
5.37485
0.237867
2.55747
6.0234
2.90386
1.30296
2.29881
3.60999
9.09712
2.16791
0.276898
0.32945
4.34788
3.76453
7.87309
8.37768
4.32643
3.68383
3.68239
7.27042
6.76547
1.39385
9.44685
3.30091
7.33993
2.1297
8.87043
6.70049
9.9359
9.90448
1.17975
5.31076
0.142345
3.73722
1.33415
3.0462
5.04018
3.63296
6.65619
4.13729
5.80088
6.93308
4.46674
0.148759
0.697614
2.33984
8.52644
5.02405
6.02367
2.20884
2.29446
2.78914
3.60269
1.74131
6.09005
0.94262
3.87101
4.96048
7.64311
3.80691
4.86496
8.82286
9.11767
5.00731
2.56008
0.451824
8.05351
7.60025
4.08479
4.70969
1.73755
9.88566
1.64278
6.20429
0.0344196
2.34039
8.54413
8.56086
7.36444
4.5678
0.769698
9.6589
7.35694
4.37239
1.40022
3.44699
5.31501
5.27123
8.40747
2.95812
9.07814
3.27243
1.78098
8.19581
8.27974
4.34106
8.64764
6.33324
1.94131
2.73242
1.04294
3.67885
2.61808
2.68571
9.88314
2.6525
5.0261
8.42727
1.21337
2.39054
2.99507
1.98306
2.04945
0.352003
6.35545
3.44967
3.79899
1.67046
8.7209
2.20646
4.62858
7.79904
5.47889
6.40956
5.99485
3.75863
0.750613
4.64249
0.0918711
2.69192
7.37492
1.13481
6.37077
9.993
3.82052
6.25391
2.6455
8.84662
4.68118
3.85887
1.23717
7.67625
5.84193
3.28661
8.02825
2.19738
6.73628
1.82724
3.86784
5.45718
4.0337
8.49642
3.25622
9.5126
4.90597
9.25107
3.27122
5.65658
3.89356
3.36309
8.3485
1.26848
4.4979
4.71928
1.26148
8.31842
0.973191
3.90698
7.16504
5.65438
7.76585
8.40221
3.33063
3.60779
1.68883
1.35888
5.80517
8.42511
3.18613
9.67301
3.88228
7.21983
8.16942
7.1385
6.73242
3.0754
6.38957
0.00364871
8.73198
0.283135
3.36674
7.08049
1.55161
7.86465
1.79976
2.81309
6.18307
2.77295
6.72008
3.34811
8.42733
4.48593
1.75032
1.75796
8.09372
3.43915
3.11684
3.89889
1.86426
6.30296
3.57189
5.74654
3.52279
1.74132
2.88504
0.255217
4.81672
9.27461
0.258866
3.5487
9.55775
3.62561
0.629184
1.10936
1.49025
2.42895
3.92246
7.67332
5.2019
0.642531
1.02143
3.62923
5.12846
2.77176
5.38719
3.22218
6.2109
8.50403
7.12106
8.07516
4.80699
0.692956
3.8217
8.32978
2.43428
6.70674
8.585
7.25099
5.98136
8.84386
0.799689
5.53911
2.46947
1.42887
6.64847
3.95973
3.85782
0.570924
1.63305
9.05972
1.21346
2.65448
2.68895
6.34192
5.42624
8.07614
9.56409
1.63714
6.58017
6.68515
9.71231
1.38716
7.37811
3.53401
9.71694
9.81238
0.240752
8.30194
7.06337
6.22211
7.1458
7.86306
1.76122
9.61528
9.29194
8.40969
3.57501
3.14976
8.98061
5.20806
2.20948
0.194066
7.86254
4.89843
6.53598
3.28878
2.97458
6.10007
4.92592
9.55474
2.78522
4.63823
0.941903
0.163332
8.17223
0.658842
9.97572
8.41299
8.96078
7.03909
4.6351
6.10658
4.90215
6.39631
5.72186
4.19409
4.806
9.29687
7.34385
3.78661
4.50492
9.55333
3.98068
2.36746
4.45176
0.516657
5.65624
7.42634
6.61673
0.582161
6.98108
9.40195
5.22039
7.92299
9.56529
3.39262
8.58183
9.541
1.80561
7.54261
6.58009
6.44071
3.64919
1.48224
2.83702
9.37105
5.67634
7.64302
8.66792
3.02018
1.42963
3.17284
2.57351
5.41031
5.5403
7.02527
5.92697
1.19654
4.45161
2.54369
1.7787
1.43269
1.94565
6.99909
9.35568
1.51093
0.391713
7.93751
1.05194
2.19732
5.48012
7.63203
8.63803
9.12931
9.11427
1.47505
8.50036
4.79061
9.11807
7.16828
7.81079
0.547707
0.341114
0.384303
5.95802
5.88141
7.40958
1.88498
7.07795
1.86119
4.42868
8.85666
3.29388
6.37433
5.85575
2.64956
7.88526
6.24746
0.587072
8.9372
8.44478
6.06719
6.56922
7.08281
5.1965
5.68349
8.55786
3.69685
0.474102
7.67594
0.86513
8.28489
8.22365
1.20624
8.6692
4.18166
7.08766
6.07877
6.06664
4.16561
7.93996
0.495321
3.02227
1.23384
6.86965
8.87802
3.88341
4.75491
5.12547
4.47048
3.6921
3.57026
0.537667
0.261325
0.653067
5.73416
5.94482
9.21093
9.43102
6.41892
6.88687
0.296148
4.70381
5.11052
1.50239
3.37301
9.29218
8.59005
9.45178
5.35882
2.75566
7.39174
5.85414
5.77793
8.62558
2.72379
4.65595
2.50899
7.4787
9.78142
6.97947
1.1708
3.35168
7.51714
1.43212
4.00475
3.2513
7.37694
3.21568
2.68232
3.79586
0.102546
2.97847
8.49968
5.21306
4.48086
1.87269
4.50524
3.07091
1.32447
9.86406
5.82657
8.71621
5.71821
1.60451
7.34179
8.442
6.26046
9.85078
5.92069
6.04188
6.83026
7.09149
9.39356
4.34739
8.52362
3.3983
7.59869
5.90056
6.61398
0.281013
9.69642
6.71653
3.25948
8.1961
1.92959
7.74034
0.0687873
6.43483
0.811247
1.39326
6.29889
6.63782
0.109464
2.0171
8.24233
7.45126
0.459094
4.50279
7.30204
6.37979
0.544667
4.1323
3.47128
9.93823
8.47969
1.99489
3.33653
6.07839
7.89545
9.95051
6.3594
7.59188
6.66703
9.61888
5.78798
8.59662
7.35922
5.85676
5.03145
8.17046
7.25002
1.33034
4.80828
7.35948
3.34744
3.05061
4.81074
3.80653
7.5534
2.11278
0.186319
8.09807
6.24508
3.6576
8.03629
4.72477
5.65249
1.37282
0.803156
3.54795
1.32333
7.16256
1.13982
7.99036
6.78143
6.9278
6.58699
4.14065
2.78456
1.61844
2.31111
0.0345791
2.94878
7.1194
7.39406
6.29622
0.170009
2.2048
0.102749
7.72341
4.31758
0.289068
5.82148
0.562663
3.94667
3.85777
5.28743
9.59916
5.23059
6.09059
3.1471
6.55392
3.25315
4.28693
4.54428
0.0345784
1.21472
1.13126
4.17523
3.99928
2.7497
6.48634
4.03386
5.69848
3.60574
1.42792
1.99469
3.77574
3.63273
2.09744
1.49915
7.95031
2.38651
7.32063
8.51297
6.33317
1.1784
3.80041
5.93233
6.40898
9.891
9.07944
2.9629
3.14414
3.36636
7.50718
3.17872
4.58108
8.63844
7.35395
8.58037
1.38814
3.84029
2.61423
7.08661
7.44602
4.04215
9.08131
1.22177
7.67488
1.17875
2.72092
5.62519
3.56526
0.0415494
4.13816
9.89843
1.21995
7.93857
5.83076
7.62893
7.82956
4.9102
0.591825
0.973704
8.27656
8.099
4.15242
2.85765
6.73744
1.50637
1.43801
8.12558
5.34666
4.05225
5.21219
2.79268
8.0944
4.29349
4.01445
5.76928
5.47224
6.73537
1.39447
9.03749
6.77692
5.53263
8.93592
7.99686
3.4712
4.76669
5.62579
1.30076
9.67689
6.21761
2.27446
7.95345
4.31661
6.42688
0.811095
1.05405
7.93326
2.24911
9.17963
3.27991
6.30136
4.39182
6.07259
4.39576
8.68531
0.0870375
0.165035
4.15755
6.8224
1.5595
3.19504
3.59932
7.09213
2.13097
1.59618
0.563329
6.89766
7.22197
1.86409
6.57454
3.43958
4.13855
4.52799
7.7562
0.565433
5.33909
8.81025
8.49869
7.5882
7.98988
1.7786
3.88955
2.3817
7.85119
8.28531
1.06701
7.93823
8.45034
5.22456
4.76063
0.00984617
8.4196
8.35995
7.10198
0.550571
9.95613
7.66531
7.44823
7.1781
9.52939
4.02277
0.617688
3.66794
8.55076
8.37389
4.23338
3.88984
7.18414
2.73206
1.47804
5.17402
4.51067
5.36759
7.55572
2.36186
3.6529
8.62273
0.300087
2.10324
3.84728
5.06072
2.11309
2.26689
3.42067
9.21507
2.81746
3.37681
6.88037
0.265682
0.554914
6.40977
4.28845
1.1726
0.0777106
2.83921
9.54649
4.31109
6.72905
6.73063
7.04315
8.20709
1.90465
1.55382
3.57468
9.46036
3.91567
7.22758
8.08309
4.21576
9.33082
1.93037
9.27648
1.44391
4.19726
2.69716
0.658971
7.01471
6.07396
7.53934
7.2804
6.62888
3.94911
1.56885
7.80148
4.02682
4.40805
7.34797
8.33791
1.13711
4.0786
5.38106
9.3442
5.98325
6.93488
2.91888
5.44361
0.850549
0.146457
3.5267
5.06631
9.47728
5.45707
4.34279
0.921182
9.65433
7.03995
1.58015
6.66904
3.11391
9.1195
3.94944
9.74279
3.06861
5.51829
7.54427
7.09543
9.92634
4.89224
5.43334
1.06345
8.97084
0.814399
0.407643
4.95409
7.74927
3.32652
0.397698
8.59982
3.47298
3.9244
3.66613
2.95025
9.38147
8.00892
3.87144
9.0358
5.04887
5.45159
5.70484
8.16278
4.57108
9.65428
7.90557
7.63969
5.17257
5.44984
4.73512
5.09891
0.342085
0.168461
6.16235
9.31293
0.98286
6.56999
4.26701
8.73213
9.89652
4.66471
7.33196
3.36949
8.58911
0.998091
6.31975
7.97058
9.00701
0.191185
7.00638
4.05588
5.64277
2.71122
2.21866
0.213858
2.3655
0.124235
7.85355
7.53806
5.57408
2.58867
2.63697
5.91616
2.75713
8.79932
5.22909
3.73999
5.36932
9.4961
2.47213
5.26583
4.16082
9.80408
8.63533
2.74992
0.802176
4.95507
0.720502
9.80919
5.14626
7.72688
3.86507
0.789032
0.438093
6.08374
1.00289
2.80359
6.20797
8.85644
0.341652
1.78205
1.44511
2.97862
7.69821
4.20224
1.77794
2.9273
7.94224
7.14726
2.42341
0.414364
2.41309
6.58422
0.218449
1.04842
9.33415
1.02062
6.00349
0.0546513
0.829815
1.14975
7.78153
